100 200 3 10
sondagem 101 201 23640
dominacao 23640
sondagem 101 200 29956
dominacao 29956
sondagem 102 202 35074
sondagem 102 201 35721
dominacao 35074
sondagem 102 201 35721
sondagem 102 200 48113
sondagem 102 199 9368
dominacao 9368
sondagem 103 203 395
sondagem 103 202 10838
sondagem 103 201 31879
sondagem 102 203 24033
dominacao 24033
sondagem 103 200 29016
sondagem 103 199 21331
sondagem 103 198 61591
sondagem 102 200 48113
sondagem 102 199 9368
dominacao 9368
sondagem 103 204 29962
sondagem 103 203 395
sondagem 103 202 10838
sondagem 102 204 47784
sondagem 102 203 24033
sondagem 102 202 35074
dominacao 395
sondagem 103 200 29016
sondagem 103 199 21331
sondagem 103 198 61591
sondagem 102 200 48113
sondagem 102 199 9368
sondagem 102 198 36895
sondagem 101 200 29956
dominacao 10838
sondagem 104 204 50361
sondagem 104 203 36175
sondagem 104 202 5985
sondagem 103 204 29962
sondagem 103 203 395
sondagem 103 202 10838
sondagem 102 204 47784
sondagem 102 203 24033
dominacao 24033
sondagem 104 203 36175
sondagem 104 202 5985
sondagem 104 201 1460
sondagem 103 203 395
sondagem 103 202 10838
sondagem 103 201 31879
sondagem 102 203 24033
sondagem 102 202 35074
sondagem 102 201 35721
dominacao 35074
sondagem 103 204 29962
sondagem 103 203 395
sondagem 103 202 10838
sondagem 102 204 47784
sondagem 102 203 24033
sondagem 102 202 35074
sondagem 101 204 58947
sondagem 101 203 30844
sondagem 101 202 47638
sondagem 102 202 35074
dominacao 24033
sondagem 103 203 395
sondagem 103 202 10838
sondagem 103 201 31879
sondagem 102 203 24033
sondagem 102 202 35074
sondagem 102 201 35721
sondagem 101 203 30844
sondagem 101 202 47638
sondagem 101 201 23640
sondagem 101 199 52823
sondagem 101 198 54160
dominacao 395
sondagem 103 204 29962
sondagem 103 203 395
sondagem 103 202 10838
sondagem 102 204 47784
sondagem 102 203 24033
sondagem 102 202 35074
sondagem 101 204 58947
sondagem 101 203 30844
sondagem 101 202 47638
sondagem 101 204 58947
sondagem 101 203 30844
sondagem 101 202 47638
dominacao 30844
sondagem 104 204 50361
sondagem 104 203 36175
sondagem 104 202 5985
sondagem 103 204 29962
sondagem 103 203 395
sondagem 103 202 10838
sondagem 102 204 47784
sondagem 102 203 24033
sondagem 102 202 35074
sondagem 102 198 36895
sondagem 101 200 29956
sondagem 101 199 52823
sondagem 101 198 54160
dominacao 36895
sondagem 102 204 47784
sondagem 102 203 24033
sondagem 102 202 35074
sondagem 101 204 58947
sondagem 101 203 30844
sondagem 101 202 47638
sondagem 100 204 50086
sondagem 100 203 12953
sondagem 100 202 24314
sondagem 102 202 35074
sondagem 102 201 35721
sondagem 101 203 30844
sondagem 101 202 47638
sondagem 101 201 23640
dominacao 395
sondagem 103 199 21331
sondagem 103 198 61591
sondagem 103 197 8389
sondagem 102 199 9368
sondagem 102 198 36895
sondagem 102 197 12314
sondagem 101 199 52823
sondagem 101 198 54160
sondagem 101 197 40532
sondagem 101 201 23640
sondagem 101 200 29956
sondagem 101 199 52823
sondagem 100 201 35288
sondagem 100 199 20871
sondagem 102 200 48113
dominacao 10838
sondagem 104 204 50361
sondagem 104 203 36175
sondagem 104 202 5985
sondagem 103 204 29962
sondagem 103 203 395
sondagem 103 202 10838
sondagem 102 204 47784
sondagem 102 203 24033
sondagem 102 202 35074
sondagem 101 202 47638
sondagem 101 201 23640
sondagem 101 200 29956
sondagem 100 202 24314
sondagem 100 201 35288
sondagem 101 199 52823
sondagem 100 201 35288